10000
943
897
704
678
132
783
902
760
689
765
513
148
647
697
877
326
757
589
871
760
560
261
884
819
947
802
414
784
386
332
984
625
229
984
599
558
766
501
614
454
562
126
799
208
119
973
732
776
858
602
833
417
160
716
236
106
814
847
790
496
178
773
121
307
153
917
161
819
714
675
570
573
998
368
681
117
637
709
189
495
608
318
812
668
934
344
971
748
190
760
243
269
829
561
773
882
775
835
998
488
806
864
961
804
528
939
217
165
944
603
560
848
822
668
812
151
913
782
195
102
838
636
568
667
196
341
845
267
472
238
953
574
101
309
674
530
544
791
892
488
691
451
632
512
415
444
563
327
225
659
627
964
591
491
927
984
128
167
251
500
306
203
371
604
412
945
133
253
736
321
641
723
969
272
234
384
913
994
611
138
949
534
398
539
926
621
523
954
688
674
751
894
173
121
795
782
966
828
935
998
149
872
720
117
441
250
698
353
244
606
688
489
139
382
929
361
903
748
612
591
718
362
781
791
680
575
869
942
700
200
940
145
368
956
459
105
503
157
359
944
663
343
432
999
626
657
360
825
404
872
415
121
530
493
208
209
968
374
150
964
474
386
108
138
639
765
144
141
822
700
381
781
943
713
779
865
370
435
690
971
306
401
993
132
794
497
241
762
771
589
121
541
271
130
580
810
795
921
247
913
620
528
693
562
538
768
724
204
203
413
174
706
714
463
135
508
861
573
566
928
161
587
766
630
914
642
736
104
562
884
917
181
708
906
940
542
971
663
646
470
372
117
472
987
480
507
791
637
981
356
565
438
239
330
968
450
872
704
454
730
884
668
811
888
870
146
430
840
710
372
309
378
389
979
364
770
485
451
406
465
103
267
804
243
794
167
593
962
167
343
691
951
911
798
235
177
845
565
917
851
233
523
228
523
501
790
589
886
240
291
648
244
459
748
684
252
211
573
214
279
816
201
229
123
900
364
200
744
225
413
891
359
836
118
178
633
204
667
816
345
858
463
786
613
507
469
162
618
942
573
797
153
674
323
176
573
884
276
613
109
590
503
665
722
819
139
355
923
706
170
564
860
830
349
473
336
114
832
250
956
404
948
109
978
567
482
848
450
659
460
756
545
260
420
266
375
459
818
594
461
888
158
321
113
704
991
349
719
822
500
971
225
744
980
499
310
462
346
660
417
103
416
862
560
132
424
835
789
242
428
546
426
783
163
440
487
153
986
502
271
782
472
693
822
749
489
131
507
735
989
220
134
701
378
594
129
702
725
214
240
450
661
864
232
724
303
916
174
585
417
642
664
186
335
485
231
724
517
638
755
802
758
790
502
135
680
828
133
702
943
274
151
603
137
580
623
637
496
697
518
209
339
181
592
871
567
723
891
380
657
645
181
711
731
880
142
708
103
176
409
946
647
757
845
981
336
765
914
128
461
431
238
997
513
126
263
376
750
153
656
703
996
133
414
726
309
456
730
312
829
138
555
475
795
696
752
428
460
665
456
218
393
594
511
202
918
675
478
667
124
430
666
119
760
980
142
365
436
772
874
561
207
428
937
298
124
985
626
781
650
983
899
943
873
410
441
790
985
819
753
108
545
419
425
304
695
467
866
427
535
739
889
642
464
825
841
785
809
763
565
755
141
464
994
915
774
434
100
154
549
150
459
994
766
784
594
460
547
459
788
983
198
676
921
562
797
157
346
902
821
207
657
862
571
947
172
641
381
470
992
226
520
451
220
285
531
714
645
375
470
729
654
865
404
574
426
200
632
969
399
749
175
956
907
944
298
980
584
876
449
576
102
265
323
222
747
150
232
391
425
899
120
979
763
721
850
188
218
481
453
517
229
529
769
135
472
967
411
352
843
156
224
845
618
744
363
364
795
792
656
516
691
973
792
453
693
641
839
207
418
291
624
844
116
392
275
785
359
884
137
498
940
261
342
558
906
902
218
997
693
774
809
383
142
600
737
132
537
575
239
855
162
764
995
179
452
270
864
711
153
901
208
389
459
747
243
661
648
362
954
341
432
762
921
772
362
657
804
195
528
339
347
591
399
341
967
752
808
830
462
257
127
868
547
783
911
987
443
559
645
396
196
978
157
116
145
716
971
849
812
795
484
158
682
784
696
648
535
504
775
293
661
802
457
504
584
368
788
323
223
432
916
319
706
973
632
751
986
899
896
193
694
380
548
375
163
243
320
598
944
995
187
902
796
545
405
676
813
489
295
936
822
210
551
824
182
479
575
464
378
470
557
368
146
104
940
209
545
259
103
488
253
191
389
345
933
992
317
745
480
512
977
598
622
824
422
101
599
293
465
877
663
319
541
106
620
481
215
164
640
516
850
190
904
238
435
836
229
950
580
907
461
853
504
984
676
826
381
571
415
746
448
375
361
285
381
882
666
793
342
603
308
191
693
211
627
424
947
152
373
823
959
131
675
463
411
647
585
692
218
901
734
863
275
996
444
853
273
110
645
515
910
854
904
602
361
530
322
308
582
893
427
838
924
399
300
631
342
181
322
757
378
956
916
850
951
360
702
520
370
644
936
279
497
235
177
154
665
696
659
543
588
987
380
808
385
877
438
924
355
957
681
633
913
596
780
259
856
778
680
522
421
912
701
214
146
174
269
107
771
828
847
655
210
227
760
792
400
494
716
655
451
396
585
660
288
364
819
144
438
795
566
760
706
564
270
148
638
736
452
408
564
299
360
971
723
119
763
122
513
478
678
864
170
262
523
358
823
639
699
260
433
265
316
436
125
487
781
663
519
233
368
983
729
628
350
451
944
112
770
456
787
447
617
253
906
436
511
728
371
507
285
101
969
501
437
994
284
217
656
704
647
320
983
672
244
332
122
187
641
793
841
427
536
457
580
442
189
388
466
758
191
651
759
159
449
195
152
633
609
104
633
553
325
913
224
469
244
544
557
182
633
694
806
168
447
683
807
536
971
273
293
458
824
952
517
272
443
569
202
349
870
735
802
194
647
926
861
188
766
714
270
398
407
372
467
754
955
570
586
321
743
176
679
567
127
195
135
768
961
237
116
831
269
818
321
212
139
181
597
806
191
163
500
498
436
867
548
390
734
134
612
476
210
290
339
534
683
375
598
643
809
614
770
374
728
992
487
768
469
984
870
561
147
369
355
483
533
200
773
266
234
681
642
641
872
278
471
554
553
970
493
658
583
560
933
311
551
419
375
316
699
244
173
746
810
726
525
342
826
595
508
356
275
447
897
146
625
367
897
474
336
687
131
820
246
360
427
994
976
702
309
675
242
680
717
952
405
539
591
527
133
999
783
308
742
679
652
663
342
845
433
876
531
762
992
677
121
418
670
998
416
276
969
558
252
685
806
854
223
396
380
553
692
162
762
730
137
710
393
676
554
726
551
986
487
542
959
806
256
629
803
572
201
771
426
353
752
232
206
272
528
486
725
516
845
783
246
278
492
539
250
343
561
702
328
345
540
286
150
697
211
249
268
312
316
892
565
968
123
968
536
848
750
558
661
594
340
807
168
129
642
319
372
202
317
600
744
153
182
794
750
591
339
315
803
555
206
665
820
526
929
355
670
679
813
330
272
450
136
638
479
975
253
147
474
767
944
217
820
125
308
570
616
547
181
716
102
584
677
822
109
605
473
976
283
286
306
753
933
639
687
708
614
840
755
988
606
698
501
722
119
709
588
636
256
669
648
258
252
621
980
558
225
452
831
706
935
433
755
263
972
441
871
882
280
625
265
182
322
667
200
342
375
689
274
531
357
218
986
807
739
361
661
260
110
788
866
945
220
620
505
489
357
375
370
834
297
833
916
816
499
116
454
170
101
628
899
655
142
884
461
177
245
419
338
255
206
500
496
624
417
297
112
674
573
679
508
166
511
720
882
306
132
336
377
133
260
572
689
600
752
446
677
897
161
915
448
268
415
241
792
128
735
200
702
604
779
506
670
290
226
552
496
555
184
169
589
344
641
574
844
393
920
818
586
982
732
331
546
443
769
634
471
503
734
470
107
512
876
974
999
398
525
792
854
906
861
739
547
799
312
687
488
528
504
370
806
236
601
648
876
666
281
644
466
311
410
770
120
582
743
118
881
565
810
130
470
968
769
917
766
377
604
253
201
107
523
908
540
421
555
713
383
133
356
749
344
963
518
661
544
261
680
721
122
786
751
492
753
816
409
815
489
309
968
591
316
788
498
153
505
349
766
788
382
418
834
924
380
648
584
824
809
560
545
227
643
592
620
395
408
325
210
797
534
474
684
146
558
181
199
963
728
261
147
109
579
881
329
255
528
210
980
634
967
821
761
609
709
677
905
413
902
411
507
435
785
190
482
640
569
878
602
296
139
946
602
618
222
832
774
651
338
149
581
304
266
638
210
875
315
411
585
216
722
992
849
803
181
330
739
650
207
341
846
246
583
448
161
706
576
231
653
210
280
233
711
743
167
821
914
382
231
498
796
249
489
644
349
571
874
988
517
377
625
363
821
208
107
882
210
880
112
763
990
589
896
700
628
963
818
541
642
345
940
437
792
428
981
437
295
250
721
713
527
346
372
644
751
379
525
257
258
834
920
544
719
211
243
346
470
357
788
111
603
123
745
394
451
725
731
647
271
451
656
699
994
928
639
140
306
164
297
761
294
216
304
310
624
744
556
995
101
640
105
901
663
751
294
411
772
321
354
944
672
910
939
963
837
577
399
439
938
597
199
232
109
700
739
634
443
294
628
741
231
930
641
190
680
231
501
749
452
755
692
421
664
927
680
797
800
979
235
738
575
334
266
882
330
905
515
971
495
439
711
923
368
649
113
345
176
811
994
529
566
982
246
526
908
826
620
707
200
755
741
676
386
907
854
616
207
368
586
900
707
594
822
975
539
835
319
615
646
609
143
508
590
586
330
794
708
850
798
809
902
538
781
287
742
634
199
245
902
686
144
905
576
867
275
114
998
495
629
940
400
970
447
891
555
975
684
560
824
481
368
121
316
148
308
354
682
408
499
880
390
544
784
262
707
959
276
704
750
201
644
150
170
387
337
923
361
921
779
482
699
146
503
311
491
108
565
172
713
360
348
399
804
131
561
510
386
737
511
433
234
451
483
602
738
720
821
396
937
599
778
932
645
577
539
135
882
103
504
594
364
752
893
464
179
750
271
762
783
979
194
918
429
874
519
166
890
339
462
827
838
536
154
779
410
594
210
291
894
614
182
554
662
371
919
741
121
486
502
200
464
894
117
793
767
833
255
657
468
915
780
602
450
230
380
156
724
490
645
915
400
123
468
962
394
683
999
712
168
501
813
829
691
226
621
457
960
173
410
724
988
486
326
734
617
903
791
637
690
435
551
990
458
316
348
148
899
346
761
364
143
870
489
734
392
407
488
351
480
798
372
467
284
598
200
197
797
891
734
486
622
582
773
376
798
120
425
993
663
482
653
707
648
142
737
940
449
224
588
829
923
860
295
503
754
692
600
550
583
630
937
501
211
105
778
305
422
499
298
985
881
247
988
825
289
725
764
935
849
351
763
167
507
354
867
260
947
763
711
826
393
944
623
504
345
400
710
667
195
304
948
372
451
936
196
641
957
257
872
201
508
635
566
312
285
432
472
528
195
479
650
488
719
273
288
360
870
294
927
966
498
271
634
246
206
731
183
459
888
955
560
692
589
422
904
171
755
673
896
246
448
546
931
464
115
218
724
885
710
651
246
207
218
781
353
324
808
436
980
695
391
836
683
276
258
884
644
913
556
540
455
300
382
385
664
397
800
388
578
509
335
121
914
453
198
563
974
906
296
349
897
587
184
876
159
342
759
100
551
611
540
906
812
822
587
475
515
387
159
993
192
691
113
105
440
508
569
710
413
161
959
606
945
143
482
103
385
537
400
837
148
840
138
860
958
626
631
769
309
988
762
401
678
171
704
118
580
569
124
289
630
984
192
574
126
871
874
708
407
274
544
455
410
880
611
665
505
242
433
714
229
491
411
203
860
411
518
736
880
543
321
509
526
413
379
849
580
253
556
888
724
100
639
133
880
250
995
681
689
428
691
818
215
398
317
975
710
736
710
589
575
932
395
100
641
971
849
221
223
404
405
243
701
944
574
877
193
568
854
178
292
544
896
408
239
510
382
849
542
389
437
116
617
128
413
257
1000
261
378
519
862
980
663
860
924
236
132
413
704
283
492
897
123
684
601
262
193
883
110
635
568
745
948
184
773
360
342
772
818
917
588
680
897
250
836
216
386
264
529
386
447
921
579
471
902
179
633
391
359
644
927
827
685
874
912
457
531
550
526
348
763
113
324
956
263
159
171
846
324
898
528
968
214
107
438
115
186
368
407
742
912
630
569
596
800
777
349
330
623
775
579
682
184
803
638
644
259
105
489
780
903
314
747
117
321
185
132
704
750
736
446
958
365
311
850
165
384
198
692
303
270
270
885
354
370
522
295
529
528
981
308
727
294
955
744
515
436
173
219
185
809
862
142
471
469
892
833
753
387
524
352
557
695
236
207
965
956
402
493
780
383
998
506
577
952
250
389
685
620
805
770
428
666
209
195
134
397
928
183
684
452
435
240
443
868
645
704
823
947
196
602
626
490
405
203
441
555
492
422
471
296
489
195
258
598
291
589
895
218
969
579
867
700
115
309
567
660
913
390
904
405
288
529
795
593
632
533
444
420
855
815
913
640
307
467
237
498
352
429
616
320
304
780
920
319
989
784
276
902
470
179
306
658
905
398
548
834
831
288
253
982
400
463
622
607
830
155
104
479
484
917
699
985
696
916
601
685
699
777
883
168
252
485
122
156
179
867
890
306
155
440
288
455
803
206
962
929
558
362
704
339
278
403
323
271
615
824
252
610
897
134
678
445
816
997
502
896
864
688
201
919
127
686
670
226
188
631
452
647
893
155
886
467
755
208
935
369
329
186
879
522
517
853
868
630
850
369
525
109
957
923
324
381
609
894
804
697
524
255
343
713
608
525
476
362
931
411
929
259
794
203
681
608
957
548
237
202
213
662
508
467
584
732
144
489
625
848
186
148
400
726
157
908
251
830
566
478
537
494
637
331
598
614
839
851
459
976
953
869
934
460
335
517
191
676
303
112
524
389
160
220
411
514
127
859
343
890
336
781
384
269
408
278
180
543
128
539
518
377
407
451
133
940
264
224
615
467
236
435
152
593
555
761
403
879
916
943
769
252
119
449
718
427
627
798
870
952
336
684
328
941
431
361
276
893
782
187
656
314
523
105
203
374
766
803
550
681
745
615
229
765
360
848
488
887
645
655
234
278
338
462
218
967
119
394
859
197
778
514
411
300
816
811
872
581
613
718
559
654
629
985
418
889
832
203
775
774
758
909
952
392
667
466
358
983
156
513
179
834
324
787
431
139
597
302
621
506
316
476
159
845
460
775
733
589
878
804
362
635
108
313
927
972
679
582
954
735
995
132
568
318
215
295
358
108
794
275
514
109
651
870
250
407
644
883
896
818
983
257
452
991
767
676
962
742
257
311
773
548
640
341
767
755
833
421
159
627
596
573
636
543
740
787
850
680
966
142
498
949
299
850
335
363
822
297
104
979
805
778
527
445
415
590
496
247
911
556
774
803
425
707
345
164
493
491
745
755
533
242
703
129
388
939
392
210
532
396
485
336
470
308
978
785
194
474
329
104
930
102
807
354
709
448
419
498
840
460
253
372
899
252
401
286
190
990
693
919
683
178
552
152
683
529
234
778
903
463
178
832
465
282
483
471
630
198
265
469
558
418
138
456
868
736
939
354
726
632
273
408
106
725
757
986
550
891
763
750
353
238
878
115
420
360
783
950
458
948
716
312
663
754
668
530
786
904
784
511
832
353
215
234
374
269
219
825
159
279
574
710
417
748
121
737
108
200
686
466
444
698
976
106
451
940
833
237
843
914
945
674
266
457
808
838
626
324
662
982
503
532
988
216
279
405
853
584
505
835
347
246
533
322
549
280
261
382
714
401
592
956
975
758
412
179
595
334
700
553
612
202
381
897
615
858
598
467
738
400
598
985
546
427
603
995
608
765
673
618
165
264
573
436
319
281
812
210
515
511
961
424
910
341
617
524
495
214
287
530
514
786
514
960
212
117
955
116
178
924
635
540
188
207
272
407
389
985
517
200
792
477
821
702
115
437
522
807
552
710
336
362
792
147
322
300
461
573
317
539
496
248
375
881
355
547
287
941
828
705
438
620
478
258
321
493
893
139
597
741
749
833
102
540
880
621
741
340
193
354
175
887
502
450
767
153
294
955
995
121
956
729
641
730
283
258
520
175
298
116
816
343
245
215
180
125
736
217
662
226
471
134
112
269
484
779
322
975
129
613
997
381
341
934
408
525
489
828
897
687
240
109
326
385
224
406
707
860
523
666
986
290
700
394
459
480
470
979
455
499
591
451
177
229
681
485
951
169
609
243
152
749
252
379
133
376
982
137
533
505
703
815
992
402
506
748
782
876
726
236
671
613
884
144
138
565
529
989
931
137
529
984
182
681
362
216
354
343
253
183
144
856
294
136
554
700
784
335
575
806
472
543
418
652
587
754
216
413
138
147
747
567
427
830
248
689
342
799
328
792
882
670
944
175
102
497
776
182
732
647
888
500
189
602
152
677
355
565
990
691
909
736
257
335
862
405
924
203
203
549
895
381
515
838
457
517
334
529
599
363
175
783
763
562
681
211
238
333
677
524
924
585
556
180
821
418
783
140
521
282
886
713
564
400
550
317
817
181
746
712
444
821
791
503
382
769
615
817
101
291
637
321
172
193
698
893
808
480
330
625
960
215
337
523
516
184
136
629
562
782
638
906
899
725
705
578
493
319
394
791
807
328
408
276
718
106
168
525
783
695
446
742
811
981
561
623
461
597
548
923
675
185
224
574
207
829
151
897
445
742
688
548
366
392
724
984
398
189
805
181
784
548
219
891
528
681
513
889
574
962
811
249
443
935
119
550
159
170
447
504
208
431
349
475
723
973
755
121
458
857
499
242
404
618
429
832
595
843
116
169
804
827
615
246
157
634
697
216
100
440
918
505
771
266
276
493
535
932
811
290
184
309
729
488
224
157
319
719
900
632
184
1000
458
699
246
812
629
239
324
629
876
241
431
646
704
607
435
536
835
246
726
919
752
751
703
876
808
318
892
708
850
976
707
604
972
249
415
600
685
640
526
560
177
253
502
178
760
838
911
892
380
933
206
131
683
810
304
490
127
195
494
878
467
498
481
438
944
193
335
629
733
157
485
206
310
888
284
970
725
491
257
104
423
364
432
105
470
933
793
497
424
286
671
792
981
152
526
925
542
157
850
571
214
334
677
424
221
258
691
846
649
848
246
973
508
876
978
878
808
770
375
529
353
342
320
333
691
142
554
232
200
403
703
611
638
380
936
759
835
626
902
483
770
444
455
278
616
730
155
424
796
727
853
148
970
469
679
660
808
232
793
304
536
495
816
470
171
147
228
906
673
426
389
442
167
140
917
683
166
973
403
863
996
255
307
965
921
282
922
125
712
714
329
247
505
441
914
874
488
438
779
160
765
464
800
228
802
716
811
868
985
214
126
981
666
631
341
884
209
262
909
821
272
534
364
975
876
277
848
363
616
626
721
677
387
817
805
188
829
615
352
814
125
676
190
692
306
431
872
415
891
780
533
162
610
797
136
485
975
884
145
590
807
766
266
193
879
367
578
707
882
830
817
304
505
907
292
107
635
163
720
525
239
252
884
749
345
921
234
319
200
576
205
303
638
668
693
516
935
270
222
213
397
940
417
198
242
609
503
777
672
222
301
811
671
482
856
916
402
386
532
799
862
637
399
499
305
992
311
536
559
731
649
252
967
966
647
208
871
149
282
542
568
780
649
238
261
802
451
860
187
883
659
950
816
958
745
417
345
353
854
804
984
799
352
950
161
900
454
932
949
636
771
814
416
716
348
577
517
699
437
605
878
392
851
694
646
892
110
287
244
864
388
524
663
640
770
120
539
224
952
785
156
722
598
769
735
242
346
251
842
980
152
115
668
903
709
610
191
720
797
335
880
184
156
839
725
826
859
560
346
207
344
403
225
238
171
860
678
714
111
816
990
460
831
657
660
540
266
751
556
360
382
732
444
438
571
465
264
726
926
510
833
566
209
959
101
281
818
679
291
225
494
281
883
324
838
542
160
401
292
616
661
574
645
401
309
215
767
770
841
692
576
971
257
686
929
258
263
142
233
454
565
627
932
447
248
166
285
308
467
477
221
424
347
766
725
853
277
491
622
414
479
198
681
637
784
609
191
343
949
622
994
810
248
926
553
693
992
738
298
755
511
419
178
758
481
199
611
955
591
529
665
970
627
346
903
707
251
391
950
199
913
340
305
457
265
758
150
256
792
348
911
302
964
385
961
741
484
868
992
371
396
656
638
320
902
837
323
153
227
570
549
436
810
755
190
975
809
240
527
601
785
734
199
144
118
159
181
799
323
172
170
917
728
708
533
927
841
756
980
365
325
825
701
431
876
791
702
685
327
228
582
408
862
681
452
276
137
533
976
657
902
442
870
630
446
402
556
286
455
832
551
977
656
549
408
532
636
109
513
260
238
391
568
396
368
317
870
405
146
845
359
949
583
228
875
929
531
727
511
886
558
963
862
510
808
566
338
443
576
147
900
110
735
468
703
103
982
572
705
127
416
964
976
899
192
246
223
920
873
635
201
727
894
359
534
701
826
772
440
698
216
340
708
851
104
410
250
986
279
856
112
595
215
385
791
604
531
310
523
404
845
921
130
134
280
564
131
402
633
472
396
145
108
400
292
112
710
443
998
285
595
406
781
710
691
868
314
222
474
133
526
616
955
853
650
531
714
682
229
643
450
525
985
458
825
276
470
831
916
764
116
510
169
193
220
761
357
434
279
731
467
101
346
718
854
293
248
864
875
674
803
324
198
787
979
923
964
448
754
879
508
166
389
577
259
806
337
516
536
516
246
299
814
790
918
668
983
462
828
857
136
631
477
234
417
455
454
677
199
504
556
607
570
241
480
729
343
114
541
779
827
984
978
641
773
291
308
755
654
432
908
987
963
681
220
380
432
871
353
531
374
809
434
844
346
815
869
589
829
409
367
952
393
642
592
165
833
196
217
486
529
421
472
491
102
890
167
434
760
421
262
431
526
596
274
169
707
440
658
832
749
322
784
438
864
375
801
696
472
918
479
901
338
247
688
637
433
152
972
490
770
233
821
295
125
391
364
129
731
319
861
777
541
941
214
701
316
915
693
985
228
171
281
764
616
869
400
949
317
668
735
987
197
555
282
223
847
843
549
874
161
409
650
899
647
161
599
259
372
292
243
798
660
424
561
275
589
257
521
203
826
255
189
923
711
371
442
854
511
891
727
572
597
674
768
243
735
366
402
106
558
842
804
218
562
661
690
447
819
210
550
941
663
640
259
373
307
899
523
718
789
546
587
682
219
354
825
854
917
523
257
772
364
357
286
826
919
876
273
133
383
723
370
946
362
529
615
867
427
137
584
513
880
467
194
1000
117
316
249
935
739
703
706
103
961
892
225
275
163
695
308
743
418
875
688
977
403
599
843
127
933
724
540
813
487
931
812
505
246
357
736
282
961
441
582
921
629
707
492
989
402
700
732
116
871
716
389
273
315
232
597
544
252
433
356
639
661
464
440
807
722
175
385
979
813
867
899
738
871
390
727
569
386
755
585
256
767
874
726
378
402
620
823
851
953
475
490
910
840
830
717
858
302
398
836
114
265
130
753
432
717
776
901
399
827
782
852
593
952
874
872
354
493
694
501
743
465
891
652
304
117
665
458
319
964
590
630
525
620
382
253
633
454
153
932
280
231
783
774
182
657
942
733
149
932
234
188
396
421
741
898
735
702
355
954
665
242
881
486
762
559
639
692
914
989
623
490
219
406
560
599
359
501
628
705
729
762
794
125
480
831
923
214
532
574
465
494
716
345
276
775
200
816
466
113
804
989
504
320
691
360
819
346
762
743
952
490
802
141
812
281
872
734
692
700
605
453
490
320
995
667
995
195
779
757
208
879
746
909
198
733
269
313
980
327
957
327
113
758
368
826
335
536
856
927
532
757
380
923
978
374
886
368
469
664
125
875
839
167
179
334
196
645
547
472
872
800
699
282
854
967
107
485
502
259
709
331
917
385
550
290
956
435
855
425
395
276
596
233
640
972
467
737
617
311
208
488
407
808
967
558
170
370
943
870
530
948
200
743
332
650
933
288
985
183
910
676
360
505
205
900
476
573
636
993
180
141
778
784
245
140
341
315
411
581
184
237
528
581
880
761
230
208
345
511
291
254
186
551
659
589
748
431
458
680
721
538
721
795
618
866
835
860
478
542
737
859
679
561
440
558
618
570
963
863
378
551
116
761
101
972
349
145
700
707
726
420
541
446
511
159
609
642
315
987
184
952
845
763
512
284
618
427
151
580
289
429
130
306
486
429
277
736
474
877
442
496
593
280
843
400
339
748
943
554
734
423
802
875
185
610
456
1000
937
804
877
226
529
303
729
915
929
906
650
403
179
389
799
969
569
938
369
204
685
608
955
715
931
756
887
412
365
342
709
599
145
585
121
871
788
750
785
717
952
732
416
427
417
511
396
282
746
962
386
727
866
340
442
192
392
328
801
954
867
509
552
308
994
573
178
178
619
259
191
571
891
804
898
307
611
590
786
356
551
171
984
416
708
722
805
1000
346
606
350
212
114
802
420
405
672
795
780
290
954
871
157
241
971
956
745
581
545
531
838
393
899
217
105
904
235
811
299
481
416
549
890
430
648
606
735
319
400
514
806
650
681
864
791
651
819
536
529
660
363
366
953
261
780
959
164
915
165
364
692
481
813
581
811
757
186
843
976
486
653
178
432
631
942
223
578
156
659
106
112
922
669
966
479
448
320
544
659
385
204
350
162
313
227
269
971
313
111
342
996
962
420
428
592
361
848
466
714
506
473
727
724
141
989
499
787
605
339
445
286
443
993
348
954
516
814
320
730
826
562
121
183
883
746
972
540
593
437
551
395
810
574
415
852
562
815
935
463
153
676
649
794
965
293
747
481
106
967
507
228
825
528
608
707
274
579
544
767
917
391
459
122
865
774
270
426
588
204
185
642
781
130
732
745
620
478
225
923
741
632
151
565
457
659
569
928
535
409
991
748
700
449
770
564
223
941
286
711
441
371
649
518
698
380
263
317
154
685
239
795
614
587
657
367
246
522
294
978
831
284
725
827
634
494
687
757
731
873
764
172
540
413
887
237
693
149
751
748
131
890
839
942
477
792
308
920
313
799
897
440
983
918
266
913
411
853
966
439
121
730
808
858
142
694
391
131
140
141
175
468
328
311
409
705
102
914
921
613
712
817
953
991
734
219
300
441
368
265
176
687
895
884
544
333
875
836
662
915
273
737
382
501
344
988
502
347
297
422
860
305
535
208
592
565
327
792
907
893
958
983
579
248
263
419
482
137
551
143
348
121
176
927
522
421
914
925
965
210
643
220
712
178
328
303
643
853
996
846
141
349
225
917
497
388
335
879
722
183
318
970
204
692
896
923
409
205
847
373
612
787
493
323
865
117
526
507
870
818
650
307
166
775
223
564
162
459
739
784
839
354
149
943
946
945
865
354
446
108
924
958
795
713
577
956
730
102
759
897
217
408
203
283
182
327
747
541
983
783
621
821
136
670
159
982
911
320
632
356
625
555
610
716
267
186
671
897
486
727
189
603
134
293
786
514
817
830
955
195
612
576
916
648
245
371
926
453
591
557
709
216
111
616
832
278
702
800
471
484
526
561
987
560
150
169
974
867
899
325
358
510
801
570
454
342
841
379
695
728
836
701
844
243
316
973
421
314
168
188
699
594
649
685
450
996
754
721
258
949
946
516
755
142
986
208
384
826
784
980
851
916
977
991
158
292
963
776
803
130
865
501
921
810
483
371
202
533
992
360
482
333
777
533
375
158
642
659
281
722
935
131
935
911
121
993
499
381
165
302
708
326
1000
629
432
482
900
534
916
287
795
694
520
868
523
795
926
461
453
503
183
685
534
117
595
853
406
391
233
471
593
841
994
592
469
426
371
665
860
583
852
951
573
668
818
996
462
140
457
212
543
540
797
374
854
688
226
259
375
656
928
868
496
921
757
262
346
127
223
503
907
372
453
479
940
568
474
699
905
831
811
744
667
904
117
520
888
540
977
263
195
904
427
889
220
183
150
764
507
273
266
413
545
916
792
782
483
563
480
387
393
290
428
357
490
445
777
674
282
149
837
377
953
561
265
173
941
612
837
448
786
399
157
627
314
246
408
698
709
788
381
398
374
105
655
160
451
729
131
633
778
264
306
731
725
769
200
666
380
333
410
165
632
467
990
242
613
694
236
321
779
815
620
449
820
274
807
270
299
838
199
978
101
703
104
727
471
204
392
751
734
702
213
662
465
499
804
979
192
941
596
871
755
215
617
574
687
423
141
886
260
537
259
261
239
263
284
907
367
873
658
397
871
167
959
336
566
763
314
955
703
206
222
457
322
739
327
305
161
368
487
618
202
647
175
341
810
360
545
474
232
202
771
103
566
730
636
428
492
246
382
491
352
504
244
871
539
471
175
600
136
860
514
238
506
590
776
612
850
320
986
378
719
153
678
284
179
313
612
868
459
291
358
712
695
799
582
531
269
955
427
602
814
842
740
616
431
813
227
577
132
510
855
752
563
830
332
642
142
241
806
799
432
163
807
423
258
685
854
427
639
281
326
749
122
362
364
750
174
789
326
207
298
477
255
157
306
487
996
646
925
801
444
356
260
250
680
418
835
830
141
771
110
367
519
429
927
180
178
100
869
701
504
463
178
956
817
681
740
812
326
664
909
967
921
168
513
897
783
348
726
824
415
737
488
230
165
414
607
541
711
772
241
215
234
616
467
951
297
206
158
820
771
967
787
988
431
299
884
213
844
609
938
555
642
722
686
104
135
589
545
746
361
686
257
792
302
625
743
499
127
197
615
798
164
698
181
792
294
965
906
137
871
239
890
809
861
872
813
292
460
357
938
721
944
492
513
245
413
552
941
440
649
852
535
109
550
616
198
744
878
103
177
144
242
967
853
399
838
666
591
595
923
528
315
262
316
124
704
629
873
941
366
819
793
801
828
342
713
926
986
887
325
459
931
764
426
784
162
560
746
653
154
668
478
667
227
991
988
831
620
861
772
282
679
564
983
803
202
992
125
484
879
350
843
205
114
565
889
473
125
931
423
476
599
801
439
122
791
427
853
707
287
921
889
866
484
267
668
883
556
693
366
434
340
209
539
651
971
725
123
996
655
446
769
550
543
207
572
631
831
722
337
117
642
523
279
423
987
244
305
542
233
572
876
473
978
712
123
948
733
444
340
684
186
108
234
630
512
102
260
343
724
794
657
663
613
837
986
600
981
290
141
213
158
314
884
135
322
303
380
955
944
620
638
130
925
168
957
733
171
513
976
191
603
930
754
216
162
135
716
142
623
153
552
681
367
732
717
589
332
997
840
275
913
478
305
837
843
558
569
310
971
842
402
574
167
452
690
229
785
702
568
407
755
416
988
419
148
100
304
380
393
144
852
305
819
157
438
661
912
304
872
883
442
570
456
509
318
442
935
102
440
502
409
194
214
694
810
262
694
114
839
384
158
691
589
877
144
324
834
956
825
705
234
266
571
887
972
790
625
302
792
965
704
498
456
818
191
265
377
181
576
512
465
634
499
351
807
840
575
641
192
696
642
326
258
213
510
229
299
134
728
991
1000
431
785
455
545
272
917
218
354
493
631
719
423
426
366
230
266
237
167
358
833
105
881
991
515
390
516
714
425
243
101
424
871
786
175
713
959
388
831
609
781
758
624
501
184
891
631
647
127
995
905
257
1000
785
247
515
472
961
228
797
203
526
517
371
312
889
984
567
276
210
175
354
869
699
151
349
589
682
896
914
973
196
170
368
277
614
179
649
574
605
742
975
130
555
345
342
443
625
809
917
735
280
567
900
880
618
545
468
596
737
381
865
833
748
232
407
362
312
956
836
213
995
206
243
549
451
783
289
372
888
205
404
168
969
303
948
586
145
712
478
782
390
342
912
137
474
318
696
983
570
532
195
564
638
339
410
386
418
599
955
305
100
358
373
969
859
617
554
904
329
932
982
619
273
893
953
944
210
649
927
681
477
418
541
411
954
851
994
371
746
949
577
746
603
246
714
461
764
564
661
993
792
643
908
361
832
256
305
943
805
528
920
578
846
757
890
800
905
279
467
650
227
944
396
731
190
109
488
854
574
446
242
662
989
149
924
820
602
228
158
704
656
374
281
798
428
467
894
332
647
361
278
170
601
574
197
691
881
586
841
751
932
983
412
316
428
335
432
327
463
788
931
415
458
211
510
786
876
700
414
819
961
593
889
859
166
987
549
343
869
687
994
196
966
406
709
691
938
437
918
698
224
848
409
880
355
819
962
527
519
376
345
776
869
234
634
331
517
480
872
682
463
865
174
428
567
179
415
505
516
629
499
938
773
808
817
128
924
174
852
739
450
197
514
615
628
445
243
144
221
114
122
584
275
196
308
743
275
624
544
988
252
943
925
926
146
137
350
970
212
201
708
859
595
222
474
222
864
914
266
985
928
585
865
202
681
172
241
252
993
982
240
245
320
461
467
367
499
113
336
908
214
341
766
106
760
239
228
623
152
692
904
376
276
768
776
254
236
313
406
229
295
843
671
812
601
137
178
1000
150
712
303
561
953
969
567
712
505
696
631
854
684
534
230
860
598
302
410
734
515
113
863
710
856
533
522
456
570
897
752
917
905
955
775
857
320
638
865
725
630
495
578
313
325
104
173
823
306
483
557
722
496
419
728
649
249
546
401
115
740
450
933
644
701
103
501
921
641
662
942
271
454
520
484
679
821
854
799
127
634
355
749
129
971
773
975
219
319
673
532
959
122
464
602
723
764
399
941
404
358
882
575
712
698
960
687
519
813
485
843
446
740
888
773
107
660
143
523
275
716
955
530
738
715
429
758
478
728
698
783
382
876
654
994
574
613
681
389
723
165
528
465
202
415
534
506
975
578
929
547
293
280
977
328
895
405
382
670
430
980
749
712
251
402
706
121
916
683
707
935
144
234
399
246
549
230
652
821
708
878
367
297
157
640
822
952
946
203
918
672
479
666
383
928
969
385
949
280
364
656
214
409
790
810
555
636
940
504
753
944
381
119
538
438
956
656
686
297
760
604
869
535
566
252
462
534
834
708
714
198
363
224
507
449
935
358
381
270
762
133
511
439
449
345
777
405
901
760
602
957
660
471
492
225
920
250
660
149
858
670
247
517
795
951
263
125
309
544
592
367
578
102
707
323
644
483
628
545
539
527
501
198
294
289
324
213
440
280
262
594
850
707
111
644
657
571
669
866
114
261
233
889
560
236
509
204
619
136
946
455
860
446
553
153
933
173
266
669
353
726
559
203
729
867
143
385
437
109
548
749
270
978
637
126
213
442
527
128
479
472
483
338
215
333
689
147
406
855
112
660
877
571
159
605
438
202
287
775
211
735
523
678
108
457
101
221
799
528
546
574
901
930
209
412
559
798
756
865
949
768
821
222
635
880
123
973
983
310
144
490
341
864
168
349
617
169
767
713
894
313
583
190
539
692
502
998
786
257
258
131
321
980
550
253
859
573
225
237
784
566
628
421
727
993
671
343
458
734
352
648
947
836
739
782
824
537
175
907
992
334
938
312
313
487
465
468
356
888
903
139
750
530
461
476
819
428
116
573
161
368
220
405
203
859
483
928
396
559
834
387
189
167
896
699
851
658
166
206
842
365
543
591
795
300
968
910
925
984
482
986
351
603
687
752
461
170
976
153
926
205
737
114
272
633
713
419
587
175
525
428
441
364
919
532
564
282
442
785
562
220
771
210
723
754
862
481
220
233
831
145
338
568
159
807
497
168
225
984
541
947
708
278
608
923
106
468
205
745
253
667
866
320
173
885
974
331
365
194
464
493
239
702
961
596
508
754
961
930
737
798
273
444
976
781
366
379
545
768
123
698
732
889
918
805
170
892
136
732
382
500
224
521
499
184
413
303
234
671
530
871
468
1000
611
741
176
274
119
621
338
142
319
970
328
236
171
695
424
504
426
706
300
551
524
996
932
233
299
166
804
125
333
272
124
241
913
200
415
328
721
950
667
940
316
895
473
387
589
797
187
312
800
387
763
620
680
991
753
879
156
557
904
687
729
928
828
938
127
539
562
144
488
228
985
704
420
754
387
305
847
771
517
646
455
576
265
134
567
919
309
920
772
212
606
797
436
433
734
760
268
592
804
657
720
184
657
436
838
341
642
685
408
455
330
763
932
793
797
795
107
105
714
779
514
320
575
246
950
605
906
218
196
710
171
212
190
124
549
929
662
487
613
971
842
239
733
169
328
827
864
335
228
578
113
940
194
588
185
440
489
992
855
585
998
926
698
187
347
543
412
909
930
321
879
771
758
909
841
986
131
100
618
259
578
928
198
969
516
581
409
301
572
263
787
866
486
781
349
733
323
662
938
252
279
213
319
937
418
456
319
449
457
837
905
331
764
400
300
576
881
906
778
749
465
861
614
851
641
259
880
260
821
818
412
397
327
928
333
645
384
552
994
137
685
294
665
449
594
865
321
771
166
999
519
532
859
429
679
796
589
559
956
706
673
664
102
900
592
336
841
272
184
834
606
770
424
270
515
919
432
736
689
498
131
208
326
286
834
906
983
422
761
334
128
433
899
427
629
787
960
469
355
144
599
861
210
923
130
625
237
759
657
827
554
688
331
780
875
461
982
253
784
742
487
208
471
385
535
396
468
495
161
723
836
957
583
946
880
911
867
413
966
523
239
519
211
767
596
382
228
577
535
308
616
922
713
383
604
247
977
368
939
137
992
170
995
871
115
270
177
278
583
143
702
119
562
209
182
454
491
607
328
926
211
844
243
824
523
143
368
499
412
306
834
403
377
224
570
689
394
648
868
273
691
569
292
549
975
672
904
465
278
528
687
390
371
226
213
190
270
778
887
879
985
116
578
658
240
147
346
831
992
510
103
682
375
593
528
349
264
728
714
739
255
697
425
823
824
836
309
390
613
195
268
597
211
746
551
351
189
798
478
181
604
482
159
880
975
587
228
535
611
239
570
766
836
896
885
956
731
194
345
343
289
513
237
698
555
688
345
942
782
724
122
386
205
181
265
476
966
690
307
576
829
777
639
665
672
523
620
699
617
866
339
203
675
476
801
527
460
145
468
539
165
787
221
567
264
386
339
229
372
546
102
201
620
641
766
291
460
682
287
374
844
526
477
816
902
574
342
658
916
106
196
982
793
317
548
957
900
788
483
272
333
485
373
249
422
435
738
178
116
925
452
257
450
225
973
648
699
314
602
615
617
699
596
409
312
440
662
212
227
144
681
758
826
350
907
544
685
644
623
998
865
371
254
314
497
226
258
195
737
761
106
353
459
602
662
968
943
621
179
466
665
156
223
788
406
427
331
387
367
250
385
232
522
836
743
919
963
902
410
996
662
417
349
417
315
307
384
554
828
761
921
790
817
440
874
520
163
501
807
431
652
488
563
173
324
305
388
583
503
698
578
164
411
223
778
627
431
459
180
555
219
100
641
332
738
811
752
801
312
856
231
864
343
991
333
567
296
621
149
699
615
925
160
927
147
838
553
775
593
633
627
712
931
564
341
668
375
389
468
587
244
600
747
488
887
980
351
182
600
698
178
214
622
535
437
669
669
890
741
262
820
367
270
750
831
511
417
205
197
181
989
341
978
735
125
865
714
674
343
610
371
421
121
893
252
458
858
822
645
895
984
464
261
253
213
389
962
827
494
158
304
780
696
282
514
118
443
525
692
686
134
963
404
452
251
556
207
405
674
752
300
657
215
758
207
625
146
168
748
838
523
952
617
218
530
427
533
269
852
224
252
283
483
556
635
931
408
742
336
983
493
833
639
905
887
142
529
934
507
573
167
930
822
981
445
648
407
878
818
259
102
970
442
782
822
977
713
229
115
345
508
508
474
444
710
360
486
238
590
894
108
954
823
830
934
564
774
341
442
888
500
741
857
238
522
975
214
531
204
526
172
612
935
546
352
644
203
739
178
693
632
483
944
751
609
877
612
383
217
954
270
914
991
424
151
809
398
563
340
799
989
412
708
923
255
960
863
358
698
338
347
626
721
290
674
330
167
285
613
581
535
179
495
822
503
546
630
802
108
266
897
998
876
604
316
130
564
476
388
558
714
932
184
434
519
154
664
586
636
573
463
170
653
858
892
452
701
818
550
709
985
447
102
860
951
319
890
811
992
574
369
705
802
750
138
320
804
1000
202
439
869
566
806
818
423
994
567
420
811
116
129
795
463
428
654
711
944
840
521
935
710
186
639
512
232
975
732
936
370
835
671
238
400
773
353
119
766
820
440
874
836
766
668
596
193
619
603
434
755
420
368
465
507
908
877
639
278
608
872
548
739
839
983
435
909
335
455
971
451
191
844
584
857
809
179
346
724
682
680
478
101
345
239
805
549
412
741
727
317
909
571
956
747
553
391
655
185
142
923
833
233
766
416
386
574
495
929
594
473
609
973
772
250
508
576
699
821
316
425
137
224
896
993
268
745
680
219
226
722
141
960
251
204
375
537
975
167
466
569
540
371
838
608
521
345
184
516
165
697
841
202
218
132
492
683
777
171
198
904
794
537
259
945
641
534
779
615
898
541
183
735
208
921
342
926
563
723
441
628
420
281
127
835
610
519
814
386
887
912
586
977
448
745
922
385
576
997
901
473
537
380
207
942
598
747
867
160
469
307
985
185
785
111
920
394
827
129
977
714
338
860
987
686
604
908
972
476
300
268
246
133
548
650
975
145
396
841
502
766
444
487
851
228
795
167
819
919
196
796
632
731
655
915
417
555
823
685
328
419
853
474
453
697
420
427
743
717
565
541
482
909
928
629
434
723
696
549
641
189
641
569
820
295
483
533
147
602
514
672
922
366
442
671
360
762
998
399
478
562
840
256
471
768
182
201
787
174
650
724
263
291
589
380
783
368
209
226
871
624
798
188
286
239
759
843
298
152
241
973
615
982
229
382
749
311
780
832
385
429
555
846
917
440
522
700
708
928
222
875
848
921
963
431
456
117
273
951
467
415
924
982
396
449
660
441
957
736
569
638
164
420
483
378
760
301
978
467
526
199
342
373
416
601
704
169
916
274
119
382
589
339
660
281
688
319
622
644
955
190
282
415
807
962
693
566
560
967
933
986
463
571
655
779
469
359
244
384
533
561
666
418
800
325
599
488
841
517
428
191
904
610
506
710
869
496
275
428
462
504
413
825
976
364
901
444
920
441
124
749
902
690
166
702
311
665
486
151
181
814
242
985
424
945
991
589
440
265
917
199
670
626
924
942
890
220
682
810
562
706
558
463
395
922
461
606
883
847
954
965
661
195
345
381
139
336
870
777
798
182
876
467
708
195
705
894
316
386
1000
174
992
558
537
683
776
295
585
658
141
538
919
999
930
264
676
366
797
545
142
891
924
314
655
631
409
359
822
922
943
821
996
330
675
830
914
450
124
795
108
462
630
927
461
856
487
136
221
580
879
560
471
802
774
125
730
480
384
551
401
623
371
694
854
947
523
163
396
547
254
404
909
784
628
666
640
114
703
157
595
878
618
966
679
688
387
408
167
968
859
766
591
527
459
444
473
882
507
165
725
661
767
930
742
394
596
678
705
595
735
299
472
352
561
150
337
848
756
404
816
911
169
703
437
825
146
206
706
850
569
727
807
335
657
845
926
252
522
630
143
257
226
515
806
984
862
142
228
914
447
340
825
813
943
261
638
989
665
640
234
233
367
337
468
924
182
690
472
604
616
515
761
138
326
567
122
484
609
250
398
352
787
222
462
729
680
1000
113
344
936
247
774
302
484
538
225
566
227
894
467
140
705
227
178
931
991
200
415
897
647
109
545
433
231
907
458
207
302
471
749
238
915
522
440
399
961
863
261
484
756
925
524
461
449
603
688
439
1000
399
632
944
408
177
673
836
984
131
944
286
799
692
424
714
510
160
409
767
923
867
251
976
792
972
733
240
871
420
876
871
720
508
210
424
882
783
260
261
210
500
447
910
488
167
623
898
525
328
665
447
194
212
422
886
480
154
422
351
772
595
518
788
102
628
211
280
707
668
441
818
167
185
727
555
549
646
750
974
874
711
421
364
219
139
547
599
491
869
246
262
463
664
346
762
588
457
942
592
125
680
409
489
765
432
341
610
374
991
584
544
701
301
808
216
340
354
715
127
223
862
586
883
822
832
942
707
289
883
298
611
859
904
396
920
335
637
530
906
924
113
449
921
314
256
136
851
511
752
275
931
910
761
209
127
593
150
130
782
330
328
689
188
528
985
108
763
919
538
965
842
848
413
763
458
570
195
605
377
847
780
307
152
541
416
477
133
764
507
211
994
736
196
181
560
477
486
323
395
320
584
534
167
898
593
822
467
688
427
744
832
503
347
280
944
960
657
373
723
164
781
716
196
877
194
656
354
580
275
946
801
760
479
264
657
972
987
420
957
710
460
788
212
103
968
453
963
625
726
983
986
507
